==== bremen_subgraph_250.hgr ====
Greedy Hitting Set: [1, 4, 5, 8, 10, 16, 20, 24, 29, 33, 36, 44, 46, 47, 48, 50, 52, 58, 60, 71, 73, 74, 75, 82, 85, 87, 89, 93, 100, 106, 111, 113, 119, 121, 124, 135, 139, 140, 143, 149, 153, 164, 165, 170, 171, 175, 178, 184, 186, 188, 193, 195, 201, 202, 206, 209, 213, 216, 219, 223, 225, 227, 229, 231, 232, 236, 237, 241, 242, 246, 248, 250, 252, 256, 257, 258, 259, 261, 264, 268, 270]
Greedy Time: 0.00s
Greedy Valid: True
Greedy Size: 81
SAT Hitting Set: [1, 10, 11, 12, 17, 19, 21, 28, 30, 31, 33, 34, 39, 41, 46, 47, 49, 51, 53, 58, 60, 63, 66, 68, 71, 72, 75, 79, 82, 86, 88, 95, 99, 100, 102, 109, 113, 120, 121, 127, 133, 138, 141, 143, 146, 151, 152, 153, 164, 166, 170, 177, 179, 185, 186, 188, 193, 196, 197, 200, 202, 209, 213, 227, 235, 237, 239, 246, 249, 251, 254, 262, 264, 265, 268, 270]
SAT Time: 260.45s
SAT Valid: True
SAT Size: 76
Best Method: SAT

==== bremen_subgraph_150.hgr ====
Greedy Hitting Set: [2, 6, 8, 10, 15, 17, 22, 26, 27, 29, 36, 39, 43, 47, 48, 58, 64, 70, 73, 74, 77, 80, 82, 85, 86, 88, 92, 97, 100, 101, 104, 106, 111, 112, 116, 125, 128, 130, 134, 136, 143, 146, 147, 148, 151, 152, 155, 158, 164]
Greedy Time: 0.00s
Greedy Valid: True
Greedy Size: 49
SAT Hitting Set: [2, 6, 10, 15, 22, 23, 26, 27, 40, 44, 49, 51, 58, 64, 69, 70, 74, 77, 80, 82, 86, 88, 92, 99, 100, 101, 103, 107, 110, 113, 119, 123, 126, 129, 130, 134, 143, 146, 147, 148, 152, 155, 159]
SAT Time: 176.99s
SAT Valid: True
SAT Size: 43
Best Method: SAT

==== bremen_subgraph_5.hgr ====
Greedy Hitting Set: [2, 6]
Greedy Time: 0.00s
Greedy Valid: True
Greedy Size: 2
SAT Hitting Set: [2, 6]
SAT Time: 0.03s
SAT Valid: True
SAT Size: 2
Best Method: Greedy

==== bremen_subgraph_50.hgr ====
Greedy Hitting Set: [5, 7, 11, 13, 22, 25, 28, 33, 34, 35, 37, 42, 44, 48, 49, 51, 55, 57, 63]
Greedy Time: 0.00s
Greedy Valid: True
Greedy Size: 19
SAT Hitting Set: [1, 8, 11, 14, 17, 19, 24, 27, 28, 34, 35, 36, 41, 44, 46, 50, 60]
SAT Time: 1.17s
SAT Valid: True
SAT Size: 17
Best Method: SAT

==== bremen_subgraph_20.hgr ====
Greedy Hitting Set: [1, 3, 8, 9, 13, 15, 19, 26, 29, 30]
Greedy Time: 0.00s
Greedy Valid: True
Greedy Size: 10
SAT Hitting Set: [3, 4, 9, 11, 13, 15, 27, 29, 30]
SAT Time: 0.07s
SAT Valid: True
SAT Size: 9
Best Method: SAT

==== bremen_subgraph_100.hgr ====
Greedy Hitting Set: [3, 9, 12, 15, 17, 20, 21, 23, 24, 29, 33, 35, 36, 40, 44, 46, 48, 52, 54, 56, 61, 62, 64, 73, 75, 79, 80, 82, 87, 96, 98, 100, 105, 106]
Greedy Time: 0.00s
Greedy Valid: True
Greedy Size: 34
SAT Hitting Set: [1, 5, 9, 22, 23, 24, 29, 30, 31, 37, 39, 42, 50, 51, 53, 55, 62, 68, 73, 79, 80, 85, 87, 88, 92, 93, 99, 101, 104]
SAT Time: 3.57s
SAT Valid: True
SAT Size: 29
Best Method: SAT

==== bremen_subgraph_200.hgr ====
Greedy Hitting Set: [1, 3, 4, 6, 9, 11, 13, 19, 24, 28, 29, 30, 33, 34, 35, 38, 39, 44, 47, 53, 54, 59, 60, 64, 66, 67, 72, 77, 80, 94, 96, 97, 102, 104, 107, 112, 113, 114, 117, 118, 121, 125, 128, 129, 131, 134, 136, 147, 148, 152, 155, 161, 176, 179, 181, 184, 186, 192, 193, 195, 198, 202, 210, 211, 212]
Greedy Time: 0.00s
Greedy Valid: True
Greedy Size: 65
SAT Hitting Set: [1, 3, 5, 7, 9, 11, 13, 17, 22, 24, 27, 30, 33, 34, 37, 38, 39, 46, 50, 55, 59, 61, 67, 72, 77, 79, 91, 97, 100, 102, 112, 114, 118, 123, 132, 134, 144, 149, 152, 153, 155, 159, 165, 170, 171, 175, 176, 179, 180, 187, 189, 192, 196, 199, 203, 207, 211, 215]
SAT Time: 178.64s
SAT Valid: True
SAT Size: 58
Best Method: SAT

==== bremen_subgraph_300.hgr ====
Greedy Hitting Set: [1, 5, 6, 9, 10, 11, 13, 16, 17, 18, 19, 20, 35, 40, 48, 49, 51, 53, 56, 59, 62, 68, 72, 73, 76, 82, 84, 90, 95, 97, 98, 99, 104, 105, 108, 112, 113, 114, 120, 121, 128, 132, 144, 151, 152, 154, 160, 163, 166, 171, 172, 174, 177, 178, 182, 185, 191, 192, 194, 197, 200, 201, 204, 206, 208, 210, 212, 216, 218, 222, 225, 229, 230, 232, 236, 238, 241, 244, 246, 253, 256, 260, 261, 263, 266, 269, 270, 276, 281, 282, 288, 291, 293, 295, 299, 302, 304, 306]
Greedy Time: 0.01s
Greedy Valid: True
Greedy Size: 98
SAT Hitting Set: [1, 8, 10, 11, 13, 14, 16, 21, 25, 28, 32, 35, 39, 41, 45, 46, 49, 53, 59, 61, 68, 71, 75, 76, 83, 84, 87, 88, 90, 95, 98, 100, 102, 105, 111, 113, 114, 115, 121, 124, 126, 128, 131, 140, 144, 146, 147, 149, 155, 156, 163, 174, 179, 181, 184, 186, 193, 194, 197, 200, 206, 208, 212, 214, 217, 223, 228, 230, 236, 238, 240, 243, 248, 253, 257, 261, 263, 276, 279, 282, 283, 291, 293, 296, 302, 304, 308]
SAT Time: 268.38s
SAT Valid: True
SAT Size: 87
Best Method: SAT

