==== bremen_subgraph_150.hgr ====
Greedy Hitting Set: [2, 6, 8, 10, 15, 17, 22, 26, 27, 29, 36, 39, 43, 47, 48, 58, 64, 70, 73, 74, 77, 80, 82, 85, 86, 88, 92, 97, 100, 101, 104, 106, 111, 112, 116, 125, 128, 130, 134, 136, 143, 146, 147, 148, 151, 152, 155, 158, 164]
Greedy Time: 0.00s
Greedy Valid: True
Greedy Size: 49
SAT Hitting Set: [2, 6, 8, 10, 13, 15, 21, 27, 30, 33, 36, 37, 39, 42, 46, 57, 58, 59, 62, 63, 64, 71, 73, 76, 80, 82, 86, 88, 92, 97, 100, 104, 111, 112, 116, 123, 130, 134, 145, 146, 150, 154, 157]
SAT Time: 647.44s
SAT Valid: True
SAT Size: 43
Best Method: SAT

==== bremen_subgraph_100.hgr ====
Greedy Hitting Set: [3, 9, 12, 15, 17, 20, 21, 23, 24, 29, 33, 35, 36, 40, 44, 46, 48, 52, 54, 56, 61, 62, 64, 73, 75, 79, 80, 82, 87, 96, 98, 100, 105, 106]
Greedy Time: 0.00s
Greedy Valid: True
Greedy Size: 34
SAT Hitting Set: [2, 5, 9, 12, 22, 23, 24, 26, 31, 37, 39, 43, 48, 49, 53, 57, 58, 62, 64, 67, 68, 73, 79, 84, 88, 94, 99, 101, 104]
SAT Time: 6.55s
SAT Valid: True
SAT Size: 29
Best Method: SAT

